0.0
0.0140380859375
0.016357421875
0.023681640625
0.0360107421875
0.0279541015625
0.0501708984375
0.032470703125
0.039306640625
0.027099609375
0.0496826171875
0.0361328125
0.037841796875
0.018798828125
0.0313720703125
0.0289306640625
0.0413818359375
0.041259765625
0.0479736328125
0.01708984375
0.01416015625
0.0
0.0
0.0328369140625
0.032470703125
0.0546875
0.05224609375
0.05224609375
0.072265625
0.06005859375
0.064208984375
0.0611572265625
0.0694580078125
0.0621337890625
0.072509765625
0.0572509765625
0.0670166015625
0.07373046875
0.0806884765625
0.078857421875
0.0863037109375
0.033203125
0.0242919921875
0.0
0.0
0.045654296875
0.04736328125
0.083984375
0.0770263671875
0.0740966796875
0.1019287109375
0.07958984375
0.09765625
0.1026611328125
0.102783203125
0.086181640625
0.0897216796875
0.08837890625
0.079833984375
0.11328125
0.1011962890625
0.1033935546875
0.1063232421875
0.0517578125
0.025390625
0.0
0.0
0.0570068359375
0.05078125
0.085205078125
0.0546875
0.072509765625
0.0799560546875
0.081298828125
0.1065673828125
0.1016845703125
0.099853515625
0.092529296875
0.0909423828125
0.0948486328125
0.0748291015625
0.0947265625
0.098388671875
0.0955810546875
0.1156005859375
0.06005859375
0.030029296875
0.0
0.0
0.042236328125
0.0589599609375
0.0872802734375
0.0693359375
0.0819091796875
0.08154296875
0.0826416015625
0.1048583984375
0.096435546875
0.076171875
0.0892333984375
0.0792236328125
0.0848388671875
0.070556640625
0.0867919921875
0.09765625
0.0987548828125
0.099365234375
0.0477294921875
0.033447265625
0.0
0.0
0.0491943359375
0.063232421875
0.08203125
0.0762939453125
0.08251953125
0.0877685546875
0.0848388671875
0.07861328125
0.087890625
0.0740966796875
0.083740234375
0.08740234375
0.090087890625
0.0810546875
0.080810546875
0.108642578125
0.08837890625
0.112548828125
0.0516357421875
0.032958984375
0.0
0.0
0.0419921875
0.0670166015625
0.078369140625
0.0902099609375
0.0841064453125
0.0958251953125
0.087890625
0.072265625
0.0694580078125
0.088134765625
0.092529296875
0.093017578125
0.084716796875
0.0869140625
0.082763671875
0.101318359375
0.0899658203125
0.1016845703125
0.055908203125
0.0302734375
0.0
0.0
0.0465087890625
0.06689453125
0.091796875
0.08837890625
0.08642578125
0.0699462890625
0.0958251953125
0.079345703125
0.0850830078125
0.104736328125
0.08837890625
0.094970703125
0.093017578125
0.0943603515625
0.087646484375
0.0853271484375
0.1007080078125
0.0826416015625
0.055419921875
0.0191650390625
0.0
0.0
0.029541015625
0.0577392578125
0.0875244140625
0.0791015625
0.0860595703125
0.0677490234375
0.0709228515625
0.07275390625
0.07177734375
0.09912109375
0.0843505859375
0.0821533203125
0.0843505859375
0.074951171875
0.0931396484375
0.0838623046875
0.103271484375
0.076416015625
0.0616455078125
0.0245361328125
0.0
0.0
0.0240478515625
0.0576171875
0.0797119140625
0.082763671875
0.09716796875
0.084716796875
0.0853271484375
0.0804443359375
0.0748291015625
0.1007080078125
0.07177734375
0.072021484375
0.08935546875
0.07568359375
0.084228515625
0.0679931640625
0.0958251953125
0.0731201171875
0.05615234375
0.02685546875
0.0
0.0
0.0279541015625
0.056396484375
0.0909423828125
0.0927734375
0.0872802734375
0.088623046875
0.0804443359375
0.0704345703125
0.0645751953125
0.0809326171875
0.080810546875
0.0765380859375
0.09521484375
0.0714111328125
0.084716796875
0.0897216796875
0.081787109375
0.095703125
0.049072265625
0.0350341796875
0.0
0.0
0.025390625
0.0611572265625
0.087890625
0.0970458984375
0.1094970703125
0.0897216796875
0.106201171875
0.0831298828125
0.0826416015625
0.0662841796875
0.076904296875
0.071044921875
0.1094970703125
0.093994140625
0.0816650390625
0.083984375
0.0888671875
0.1036376953125
0.0526123046875
0.033447265625
0.0
0.0
0.0389404296875
0.0645751953125
0.09375
0.100830078125
0.10205078125
0.0806884765625
0.1004638671875
0.089111328125
0.0924072265625
0.07373046875
0.0777587890625
0.080078125
0.094970703125
0.0916748046875
0.0772705078125
0.0980224609375
0.085205078125
0.1171875
0.0604248046875
0.0323486328125
0.0
0.0
0.0369873046875
0.05810546875
0.099853515625
0.0860595703125
0.1026611328125
0.0882568359375
0.091796875
0.092041015625
0.0869140625
0.079345703125
0.0799560546875
0.0780029296875
0.0843505859375
0.1007080078125
0.0689697265625
0.1102294921875
0.0899658203125
0.1044921875
0.0670166015625
0.025390625
0.0
0.0
0.0447998046875
0.057861328125
0.1072998046875
0.087646484375
0.1026611328125
0.07763671875
0.070556640625
0.0849609375
0.0950927734375
0.0810546875
0.088134765625
0.0704345703125
0.0777587890625
0.0860595703125
0.0902099609375
0.1038818359375
0.0877685546875
0.0914306640625
0.0601806640625
0.027587890625
0.0
0.0
0.0390625
0.0621337890625
0.0899658203125
0.082763671875
0.087646484375
0.06640625
0.0740966796875
0.0797119140625
0.0821533203125
0.0711669921875
0.0709228515625
0.068359375
0.0716552734375
0.0830078125
0.0928955078125
0.0836181640625
0.0875244140625
0.0848388671875
0.0550537109375
0.034423828125
0.0
0.0
0.0328369140625
0.0611572265625
0.0963134765625
0.0921630859375
0.0931396484375
0.079833984375
0.07470703125
0.0804443359375
0.080810546875
0.06689453125
0.0609130859375
0.0650634765625
0.068359375
0.0701904296875
0.09375
0.0977783203125
0.087646484375
0.0740966796875
0.0479736328125
0.02783203125
0.0
0.0
0.03955078125
0.072509765625
0.0872802734375
0.0872802734375
0.069580078125
0.0650634765625
0.086669921875
0.0703125
0.10546875
0.0755615234375
0.078125
0.06298828125
0.064697265625
0.06591796875
0.079833984375
0.066650390625
0.0872802734375
0.07666015625
0.05078125
0.027099609375
0.0
0.0
0.0325927734375
0.0640869140625
0.0819091796875
0.0858154296875
0.0906982421875
0.081298828125
0.0902099609375
0.08154296875
0.103271484375
0.08447265625
0.095703125
0.0771484375
0.064208984375
0.0811767578125
0.080078125
0.0709228515625
0.0953369140625
0.0797119140625
0.06298828125
0.0245361328125
0.0
0.0
0.0386962890625
0.061279296875
0.0726318359375
0.085693359375
0.0975341796875
0.09619140625
0.0921630859375
0.0810546875
0.093994140625
0.0810546875
0.08251953125
0.0823974609375
0.0760498046875
0.0743408203125
0.081787109375
0.0823974609375
0.0941162109375
0.093994140625
0.0526123046875
0.02978515625
0.0
0.0
0.0177001953125
0.0242919921875
0.0430908203125
0.052001953125
0.060302734375
0.0675048828125
0.0582275390625
0.0574951171875
0.045654296875
0.0498046875
0.043212890625
0.0447998046875
0.0452880859375
0.0460205078125
0.05517578125
0.0582275390625
0.0673828125
0.048828125
0.0279541015625
0.0150146484375
0.0
0.0
0.0118408203125
0.010986328125
0.01806640625
0.022705078125
0.021728515625
0.0338134765625
0.01904296875
0.0181884765625
0.0162353515625
0.0194091796875
0.0145263671875
0.0172119140625
0.019287109375
0.0211181640625
0.02978515625
0.0203857421875
0.024169921875
0.0242919921875
0.0111083984375
0.0074462890625
0.0
0.0
0.0074462890625
0.013916015625
0.0277099609375
0.0274658203125
0.0450439453125
0.0465087890625
0.040771484375
0.036376953125
0.032470703125
0.0394287109375
0.0389404296875
0.0321044921875
0.025390625
0.0269775390625
0.03125
0.047119140625
0.042724609375
0.0482177734375
0.03515625
0.0157470703125
0.0
0.0
0.018310546875
0.0401611328125
0.0435791015625
0.04052734375
0.0562744140625
0.0592041015625
0.062744140625
0.0677490234375
0.0521240234375
0.06640625
0.06787109375
0.064208984375
0.0565185546875
0.0611572265625
0.068115234375
0.0723876953125
0.07861328125
0.0665283203125
0.04443359375
0.024169921875
0.0
0.0
0.0323486328125
0.0699462890625
0.089111328125
0.0830078125
0.093017578125
0.1005859375
0.1063232421875
0.10595703125
0.1156005859375
0.1187744140625
0.117919921875
0.1072998046875
0.0968017578125
0.1009521484375
0.116455078125
0.133056640625
0.13134765625
0.127197265625
0.0880126953125
0.0372314453125
0.0
0.0
0.0352783203125
0.0712890625
0.095947265625
0.0687255859375
0.081787109375
0.09228515625
0.0914306640625
0.098388671875
0.116943359375
0.117919921875
0.1038818359375
0.1014404296875
0.10693359375
0.102783203125
0.1114501953125
0.106689453125
0.1123046875
0.115478515625
0.091796875
0.038330078125
0.0
0.0
0.0257568359375
0.072265625
0.0966796875
0.0902099609375
0.08447265625
0.100830078125
0.1121826171875
0.1300048828125
0.115966796875
0.1148681640625
0.09326171875
0.0948486328125
0.09765625
0.08544921875
0.1048583984375
0.10888671875
0.120849609375
0.1126708984375
0.08447265625
0.03857421875
0.0
0.0
0.0340576171875
0.0699462890625
0.105224609375
0.0816650390625
0.089111328125
0.0770263671875
0.10302734375
0.1029052734375
0.1126708984375
0.0897216796875
0.0946044921875
0.1024169921875
0.105712890625
0.095458984375
0.0908203125
0.09521484375
0.11962890625
0.1187744140625
0.0863037109375
0.0452880859375
0.0
0.0
0.0220947265625
0.06982421875
0.1029052734375
0.0970458984375
0.095458984375
0.115478515625
0.1021728515625
0.1038818359375
0.0904541015625
0.091064453125
0.1016845703125
0.109130859375
0.108642578125
0.0916748046875
0.1011962890625
0.1087646484375
0.10888671875
0.111083984375
0.0887451171875
0.032470703125
0.0
0.0
0.0330810546875
0.0782470703125
0.10888671875
0.0985107421875
0.0947265625
0.0902099609375
0.0985107421875
0.0894775390625
0.0927734375
0.101806640625
0.1080322265625
0.10595703125
0.10546875
0.1038818359375
0.1116943359375
0.0948486328125
0.114013671875
0.117919921875
0.0799560546875
0.0283203125
0.0
0.0
0.0257568359375
0.0623779296875
0.109375
0.109619140625
0.1082763671875
0.0948486328125
0.088623046875
0.084716796875
0.0966796875
0.1026611328125
0.1158447265625
0.1148681640625
0.0865478515625
0.0821533203125
0.0858154296875
0.0906982421875
0.1046142578125
0.107421875
0.080078125
0.02978515625
0.0
0.0
0.0233154296875
0.0655517578125
0.104248046875
0.10302734375
0.113037109375
0.0989990234375
0.0958251953125
0.0963134765625
0.0960693359375
0.0897216796875
0.09521484375
0.0899658203125
0.1011962890625
0.0999755859375
0.1048583984375
0.0833740234375
0.1077880859375
0.103759765625
0.078857421875
0.0302734375
0.0
0.0
0.0228271484375
0.064453125
0.0948486328125
0.10791015625
0.096923828125
0.08203125
0.0780029296875
0.07080078125
0.0811767578125
0.0810546875
0.092041015625
0.099365234375
0.0887451171875
0.090087890625
0.1002197265625
0.10986328125
0.100341796875
0.1075439453125
0.08349609375
0.0443115234375
0.0
0.0
0.0220947265625
0.0635986328125
0.1087646484375
0.1070556640625
0.11865234375
0.1197509765625
0.0980224609375
0.1033935546875
0.0928955078125
0.0849609375
0.085205078125
0.0986328125
0.1114501953125
0.110595703125
0.107177734375
0.09423828125
0.106689453125
0.1187744140625
0.0789794921875
0.037353515625
0.0
0.0
0.0260009765625
0.0709228515625
0.112060546875
0.1077880859375
0.114990234375
0.088134765625
0.1025390625
0.101318359375
0.11572265625
0.0828857421875
0.0936279296875
0.1041259765625
0.1248779296875
0.111328125
0.10302734375
0.1046142578125
0.1063232421875
0.1219482421875
0.087890625
0.0423583984375
0.0
0.0
0.027587890625
0.076904296875
0.1041259765625
0.1207275390625
0.1180419921875
0.1190185546875
0.1077880859375
0.1142578125
0.109619140625
0.10791015625
0.0791015625
0.0894775390625
0.0982666015625
0.107666015625
0.1002197265625
0.0975341796875
0.119384765625
0.1312255859375
0.0906982421875
0.0391845703125
0.0
0.0
0.0343017578125
0.0751953125
0.1241455078125
0.1031494140625
0.1119384765625
0.08984375
0.0955810546875
0.0999755859375
0.111572265625
0.097900390625
0.0926513671875
0.0863037109375
0.0997314453125
0.0888671875
0.0877685546875
0.10400390625
0.097412109375
0.1142578125
0.0865478515625
0.0372314453125
0.0
0.0
0.0244140625
0.06982421875
0.101318359375
0.1116943359375
0.09619140625
0.091064453125
0.0859375
0.0887451171875
0.0970458984375
0.0933837890625
0.0865478515625
0.0732421875
0.0869140625
0.117919921875
0.0965576171875
0.1026611328125
0.1156005859375
0.1163330078125
0.0748291015625
0.0352783203125
0.0
0.0
0.0262451171875
0.0653076171875
0.095458984375
0.105224609375
0.1046142578125
0.0928955078125
0.0919189453125
0.10693359375
0.1015625
0.105712890625
0.0887451171875
0.0843505859375
0.0819091796875
0.091796875
0.105712890625
0.1011962890625
0.105224609375
0.0926513671875
0.0755615234375
0.035888671875
0.0
0.0
0.020751953125
0.0670166015625
0.1103515625
0.1082763671875
0.0943603515625
0.078369140625
0.0869140625
0.101318359375
0.1064453125
0.0906982421875
0.0802001953125
0.075439453125
0.0858154296875
0.0828857421875
0.078125
0.10302734375
0.0972900390625
0.103515625
0.0723876953125
0.028076171875
0.0
0.0
0.0194091796875
0.0662841796875
0.1025390625
0.1234130859375
0.1041259765625
0.1097412109375
0.1046142578125
0.112548828125
0.1031494140625
0.1103515625
0.0948486328125
0.078857421875
0.076416015625
0.0894775390625
0.102783203125
0.094970703125
0.1116943359375
0.097900390625
0.08203125
0.0308837890625
0.0
0.0
0.0318603515625
0.076171875
0.0958251953125
0.0855712890625
0.1053466796875
0.0982666015625
0.094482421875
0.0997314453125
0.1085205078125
0.1024169921875
0.104736328125
0.0960693359375
0.0892333984375
0.08447265625
0.0958251953125
0.091552734375
0.0970458984375
0.1036376953125
0.0770263671875
0.029541015625
0.0
0.0
0.010498046875
0.0379638671875
0.0545654296875
0.06787109375
0.0797119140625
0.08447265625
0.072021484375
0.078125
0.0572509765625
0.054931640625
0.0601806640625
0.063232421875
0.06201171875
0.063720703125
0.0660400390625
0.072509765625
0.076416015625
0.0625
0.04345703125
0.0184326171875
0.0
0.0
0.0146484375
0.021728515625
0.0264892578125
0.032470703125
0.0439453125
0.0518798828125
0.0447998046875
0.03662109375
0.030029296875
0.03369140625
0.0325927734375
0.029541015625
0.03466796875
0.0372314453125
0.041748046875
0.037109375
0.042236328125
0.0399169921875
0.0274658203125
0.0103759765625
0.0
0.0
0.0120849609375
0.0174560546875
0.032958984375
0.035400390625
0.0477294921875
0.058837890625
0.05078125
0.047119140625
0.036865234375
0.054931640625
0.0511474609375
0.04248046875
0.02685546875
0.0347900390625
0.0362548828125
0.0574951171875
0.0517578125
0.0596923828125
0.03857421875
0.0179443359375
0.0
0.0
0.0274658203125
0.0380859375
0.063232421875
0.0467529296875
0.068603515625
0.0628662109375
0.0594482421875
0.0665283203125
0.068359375
0.0592041015625
0.060791015625
0.0718994140625
0.07666015625
0.066650390625
0.08203125
0.0885009765625
0.0823974609375
0.076416015625
0.048583984375
0.02490234375
0.0
0.0
0.0355224609375
0.060791015625
0.0849609375
0.072265625
0.0987548828125
0.1103515625
0.1058349609375
0.1217041015625
0.111328125
0.125732421875
0.124755859375
0.10009765625
0.1002197265625
0.0960693359375
0.113037109375
0.118408203125
0.130859375
0.1175537109375
0.0821533203125
0.0450439453125
0.0
0.0
0.038818359375
0.0706787109375
0.0908203125
0.0596923828125
0.0770263671875
0.084228515625
0.1024169921875
0.11474609375
0.1209716796875
0.118408203125
0.112548828125
0.1015625
0.102294921875
0.1072998046875
0.109619140625
0.11279296875
0.114501953125
0.119140625
0.097900390625
0.05615234375
0.0
0.0
0.025146484375
0.063232421875
0.106201171875
0.0977783203125
0.0826416015625
0.1004638671875
0.1043701171875
0.1151123046875
0.1116943359375
0.0989990234375
0.1026611328125
0.1016845703125
0.1009521484375
0.0947265625
0.1142578125
0.106201171875
0.1326904296875
0.1068115234375
0.076904296875
0.040771484375
0.0
0.0
0.03271484375
0.0816650390625
0.099609375
0.0880126953125
0.0826416015625
0.0855712890625
0.11279296875
0.10400390625
0.0968017578125
0.11181640625
0.10595703125
0.0899658203125
0.1160888671875
0.09375
0.0928955078125
0.0860595703125
0.1026611328125
0.1192626953125
0.0970458984375
0.060546875
0.0
0.0
0.0263671875
0.0572509765625
0.1153564453125
0.0968017578125
0.1080322265625
0.0931396484375
0.114013671875
0.1046142578125
0.10205078125
0.08984375
0.1060791015625
0.109130859375
0.1046142578125
0.0989990234375
0.0985107421875
0.10693359375
0.1199951171875
0.1131591796875
0.075439453125
0.037353515625
0.0
0.0
0.0301513671875
0.0675048828125
0.1251220703125
0.1126708984375
0.0914306640625
0.09716796875
0.0999755859375
0.1051025390625
0.1102294921875
0.0994873046875
0.1058349609375
0.1094970703125
0.121337890625
0.112548828125
0.10693359375
0.0870361328125
0.1119384765625
0.098388671875
0.0897216796875
0.037109375
0.0
0.0
0.018310546875
0.06298828125
0.102294921875
0.1029052734375
0.0975341796875
0.08837890625
0.0767822265625
0.08056640625
0.0897216796875
0.0985107421875
0.1046142578125
0.1202392578125
0.096923828125
0.0693359375
0.1092529296875
0.0953369140625
0.1103515625
0.12060546875
0.0872802734375
0.0384521484375
0.0
0.0
0.02099609375
0.0604248046875
0.1019287109375
0.11083984375
0.112060546875
0.098388671875
0.102783203125
0.093505859375
0.0970458984375
0.1009521484375
0.0916748046875
0.09716796875
0.094970703125
0.09912109375
0.1011962890625
0.081787109375
0.0919189453125
0.1043701171875
0.0714111328125
0.0283203125
0.0
0.0
0.02978515625
0.0611572265625
0.103271484375
0.1209716796875
0.1209716796875
0.0848388671875
0.0733642578125
0.0751953125
0.0845947265625
0.07080078125
0.099365234375
0.1029052734375
0.1014404296875
0.0838623046875
0.083984375
0.112060546875
0.1124267578125
0.1243896484375
0.0943603515625
0.055419921875
0.0
0.0
0.02197265625
0.06298828125
0.098388671875
0.10009765625
0.115234375
0.119140625
0.1148681640625
0.1026611328125
0.106689453125
0.08544921875
0.08544921875
0.1075439453125
0.111083984375
0.122314453125
0.1212158203125
0.09326171875
0.1019287109375
0.12841796875
0.078125
0.03857421875
0.0
0.0
0.031494140625
0.06591796875
0.121826171875
0.1217041015625
0.108642578125
0.103759765625
0.0980224609375
0.10986328125
0.1051025390625
0.0892333984375
0.089599609375
0.1070556640625
0.1175537109375
0.1007080078125
0.09814453125
0.11083984375
0.1009521484375
0.116455078125
0.08642578125
0.0533447265625
0.0
0.0
0.0299072265625
0.062744140625
0.1119384765625
0.1036376953125
0.1231689453125
0.1064453125
0.105712890625
0.1116943359375
0.1168212890625
0.1053466796875
0.097412109375
0.09033203125
0.0953369140625
0.108642578125
0.1031494140625
0.100830078125
0.113037109375
0.1168212890625
0.0867919921875
0.0458984375
0.0
0.0
0.0341796875
0.0760498046875
0.1083984375
0.11669921875
0.11962890625
0.0927734375
0.100830078125
0.1044921875
0.1123046875
0.1090087890625
0.100830078125
0.0943603515625
0.106689453125
0.09521484375
0.1043701171875
0.0968017578125
0.1158447265625
0.119140625
0.0826416015625
0.0509033203125
0.0
0.0
0.028564453125
0.06787109375
0.1156005859375
0.104736328125
0.0948486328125
0.074462890625
0.0916748046875
0.0953369140625
0.0947265625
0.088623046875
0.0701904296875
0.07080078125
0.09228515625
0.096435546875
0.09228515625
0.109130859375
0.10546875
0.1287841796875
0.07568359375
0.0401611328125
0.0
0.0
0.024658203125
0.0635986328125
0.1014404296875
0.1126708984375
0.0931396484375
0.10986328125
0.10498046875
0.088623046875
0.0888671875
0.105224609375
0.083740234375
0.076171875
0.0845947265625
0.1158447265625
0.0926513671875
0.1107177734375
0.1090087890625
0.1075439453125
0.068359375
0.031982421875
0.0
0.0
0.02587890625
0.0648193359375
0.098876953125
0.106689453125
0.1004638671875
0.0770263671875
0.0794677734375
0.10205078125
0.118408203125
0.10302734375
0.0830078125
0.07861328125
0.08447265625
0.0721435546875
0.0941162109375
0.0679931640625
0.1019287109375
0.1072998046875
0.078857421875
0.04052734375
0.0
0.0
0.015380859375
0.05078125
0.1072998046875
0.1204833984375
0.113037109375
0.1104736328125
0.105712890625
0.127685546875
0.102294921875
0.10693359375
0.1026611328125
0.0897216796875
0.0789794921875
0.0888671875
0.0928955078125
0.11328125
0.1163330078125
0.0992431640625
0.0814208984375
0.027587890625
0.0
0.0
0.030517578125
0.0653076171875
0.1029052734375
0.111328125
0.103759765625
0.1148681640625
0.095947265625
0.1014404296875
0.0963134765625
0.0977783203125
0.091552734375
0.0899658203125
0.0960693359375
0.0921630859375
0.100830078125
0.0897216796875
0.1112060546875
0.0975341796875
0.07421875
0.0389404296875
0.0
0.0
0.0150146484375
0.0213623046875
0.04736328125
0.0592041015625
0.066162109375
0.0660400390625
0.0721435546875
0.06298828125
0.06103515625
0.0592041015625
0.0511474609375
0.0574951171875
0.06005859375
0.0523681640625
0.066650390625
0.055419921875
0.064697265625
0.0604248046875
0.0491943359375
0.0169677734375
0.0
0.0
0.0068359375
0.0203857421875
0.027587890625
0.028076171875
0.0413818359375
0.046630859375
0.0379638671875
0.0386962890625
0.021728515625
0.021728515625
0.0284423828125
0.029052734375
0.0247802734375
0.0335693359375
0.0400390625
0.04052734375
0.04052734375
0.0333251953125
0.0272216796875
0.0181884765625
0.0