0.975609
-0.455135
0.588428
0.666799
0.520667
0.563691
0.290614
0.514807
-0.989526
0.682902
0.772399
0.120776
-0.842605
0.228881
0.146512
-0.0370994
0.628172
-0.117287
0.422321
0.471076
-0.947383
-0.763551
0.37114
-0.597044
0.522186
-0.00415731
0.296078
0.810671
-0.755198
-0.57297
0.705055
0.136585
0.742169
0.0395769
-0.549885
-0.990634
0.0332142
0.654368
-0.411619
0.825348
-0.112008
0.934895
0.614319
-0.410093
-0.883353
-0.758409
0.941166
0.3523
-0.884526
0.386846
0.212565
0.975498
-0.391454
0.32737
0.0021044
-0.216954
0.782791
-0.9581
0.356627
0.838744
-0.188109
0.856662
-0.32325
0.271212
-0.963591
-0.568384
-0.510502
0.211132
0.512035
-0.864349
0.350679
0.159263
0.719333
0.132711
-0.686145
-0.271964
-0.442883
0.195309
-0.822389
-0.698804
0.000142591
-0.464238
0.428347
-0.362053
-0.823049
-0.405822
0.689343
-0.694776
0.461573
-0.18457
-0.620426
-0.860168
0.868047
0.546157
0.0919696
-0.217135
0.173647
0.742148
-0.0222899
0.166493
0.323997
-0.763391
-0.381305
0.712108
-0.503429
0.695505
0.170627
-0.519441
-0.299067
0.301938
0.328904
0.772943
-0.768031
-0.895473
-0.312791
0.496411
0.232084
0.955873
-0.14514
-0.260677
-0.694805
0.738873
-0.757296
-0.944252
-0.788275
-0.368397
0.449638
0.871909
0.75587
-0.692311
-0.281213
-0.61372
-0.247609
-0.102308
-0.92818
0.438685
0.338949
0.317085
0.933744
0.775933
-0.399878
-0.638354
0.755291
-0.403838
-0.668493
-0.528171
0.351395
0.804066
-0.521212
-0.897531
0.486347
0.189385
0.67782
0.970528
-0.246033
-0.197613
-0.938949
0.0673398
-0.364689
0.888605
-0.352088
-0.67117
-0.155408
-0.536678
-0.511187
-0.0380567
-0.74253
0.869698
-0.346044
-0.720033
-0.476761
-0.389954
0.107608
0.950473
-0.950234
-0.656977
-0.356056
-0.906104
-0.519646
0.547124
0.0570308
-0.961676
0.927952
-0.177156
0.937824
-0.984554
0.958965
-0.923504
-0.51562
0.747875
0.443534
-0.447934
-0.126785
0.0527102
-0.51351
0.164945
-0.481597
0.059311
-0.546191
-0.628989
-0.979696
-0.112222
-0.0712693
-0.430354
-0.551264
-0.837781
0.758344
0.71578
0.553277
0.817059
-0.3934
-0.804152
-0.577178
-0.179177
-0.221048
0.82764
0.46453
-0.176481
-0.389399
-0.00884676
0.789383
0.196717
-0.101414
-0.214717
-0.140359
0.493053
0.911363
0.434402
-0.0114523
0.516413
-0.988755
-0.499942
0.543936
-0.850932
0.476509
0.12127
0.755114
-0.870589
-0.624356
-0.772267
-0.881208
-0.514954
-0.560855
0.909739
-0.448752
0.218636
-0.210512
0.357319
-0.57357
-0.472385
0.403322
-0.611819
0.182687
0.121711
-0.7531
0.195245
-0.0636534
-0.722512
0.830269
0.225206
-0.152599
-0.423392
-0.747244
-0.280333
-0.785773
0.212764
-0.546187
0.169736
0.353414
-0.201333
0.707604
0.0276967
-0.356292
-0.564105
-0.411971
-0.890162
0.797918
0.348272
0.23167
-0.230572
0.831187
-0.487585
-0.0928722
-0.557471
-0.550797
-0.737907
0.120162
0.730163
0.650565
-0.962983
-0.895914
-0.54618
0.888242
-0.101141
0.124184
-0.307688
-0.305623
-0.496868
-0.609056
-0.179327
-0.0651345
-0.924171
-0.670532
0.537779
-0.727836
-0.0538762
0.0165764
-0.753389
0.0201932
0.757788
-0.547791
-0.714111
-0.861515
0.549721
0.244672
-0.653087
-0.705072
0.492319
0.789674
-0.265905
0.964912
-0.930189
-0.2836
-0.46557
0.27669
-0.789299
-0.467239
0.334878
-0.386193
-0.623629
-0.200152
-0.396521
0.137342
0.475006
-0.89568
-0.21997
0.102133
0.075444
-0.846271
0.818062
-0.226214
-0.589799
-0.223978
-0.511211
-0.69238
-0.747093
0.881124
0.0342053
-0.427156
-0.200358
0.668875
0.259815
0.0491648
-0.655867
-0.268649
0.0923359
-0.0857796
-0.634231
0.172817
0.967411
0.769723
0.919225
-0.588685
-0.893089
-0.652908
-0.705593
-0.105875
-0.807551
0.560171
0.111697
0.400823
-0.639065
-0.913982
-0.700837
0.705906
-0.130556
-0.0552161
-0.466678
0.539129
0.992819
-0.500208
-0.813538
-0.905101
-0.907814
0.408177
-0.346841
-0.398539
0.445716
0.165034
0.187793
-0.49932
0.895251
-0.411503
-0.850301
0.0201399
-0.0607668
0.342378
0.861255
0.710834
-0.769879
0.760806
-0.846387
0.376487
0.551034
0.25605
-0.354543
-0.384343
0.748759
-0.844777
0.380059
-0.454064
-0.33993
0.604178
-0.410391
-0.555392
-0.889918
-0.604075
-0.539986
-0.719715
-0.801095
0.830823
-0.191808
0.968297
0.578634
-0.324365
-0.777814
-0.866765
-0.299282
-0.48008
-0.39882
-0.888505
0.182227
0.0380628
-0.670447
-0.307353
-0.0887849
0.353644
-0.336709
0.8468
-0.968031
-0.882323
-0.63611
-0.0135624
-0.447193
-0.593276
-0.231547
0.389833
0.61673
-0.981624
-0.531267
0.960528
-0.251291
-0.831487
0.723231
-0.380451
-0.0314952
0.0644382
0.161617
-0.618731
0.536165
0.473599
0.897155
0.849815
-0.651164
-0.237535
0.815169
-0.910168
-0.343023
-0.294343
-0.174498
0.093286
0.168324
0.333698
0.288436
-0.294992
-0.231795
-0.469131
0.0602549
0.755904
0.317694
-0.864076
0.93164
-0.508054
-0.575851
-0.0278603
0.047556
-0.977259
0.216774
0.0649169
0.848183
0.410745
0.180205
-0.964965
0.909815
-0.94815
0.363994
-0.612338
0.561284
0.431636
0.0752054
-0.118617
-0.799996
-0.503955
-0.943522
0.338174
0.914452
0.722041
-0.0166938
0.589464
-0.760676
-0.819474
-0.0756388
0.851063
-0.581296
-0.170124
-0.0361066
0.463412
0.357569
-0.276889
0.681703
0.515968
0.475192
0.335479
0.0619175
0.637035
-0.248044
0.794146
-0.935039
-0.107885
0.975429
0.158486
0.163066
-0.358388
-0.801143
0.687538
-0.213392
0.407458
-0.295296
-0.0690611
0.874415
-0.273849
0.158793
0.456314
-0.507286
-0.604269
0.504359
0.896168
-0.512161
0.241016
-0.471026
-0.687955
0.285014
-0.382384
-0.222506
0.765178
0.308348
-0.0433143
-0.251237
0.828681
-0.717885
0.869409
0.857356
0.722145
-0.724725
0.848826
-0.0433247
0.725779
-0.912457
0.723576
0.955614
-0.0554115
0.502084
-0.789414
-0.213905
-0.769126
-0.743346
-0.770595
-0.0339055
-0.0994445
-0.327977
0.502979
0.738865
0.281628
-0.330341
0.0998221
-0.279441
0.63301
0.959081
0.949252
-0.585724
-0.603247
-0.101889
0.0626635
-0.62492
0.258852
0.812476
-0.829189
0.739929
0.283554
0.29815
0.0160584
0.995203
-0.689641
-0.89506
-0.00906832
0.297471
0.623016
-0.119156
-0.667301
-0.996301
0.424471
0.286855
-0.0179078
-0.961624
0.164894
-0.526262
0.826245
-0.369071
0.391473
0.1503
-0.514866
-0.205331
-0.634977
-0.772229
-0.448184
0.0974019
0.838596
-0.741915
-0.830815
-0.0443206
-0.26202
0.482357
0.361585
-0.0914339
-0.311811
-0.0396966
0.0965714
0.717765
0.31885
0.145531
-0.571748
-0.000236073
0.739367
0.0150548
-0.429463
0.294436
0.879551
-0.625099
0.305719
0.904147
-0.997558
-0.949384
0.934291
0.721197
0.970495
-0.961428
0.268788
0.724167
-0.277339
0.164665
-0.425704
0.150109
-0.906111
-0.701914
0.6666
-0.633742
0.598112
-0.978201
0.44874
0.195831
0.311237
0.6923
0.699029
0.65443
-0.455409
-0.648971
-0.868168
0.657371
-0.454174
0.779613
0.918966
-0.377963
0.209152
-0.747385
-0.78221
-0.636215
-0.877771
-0.0578143
-0.940114
-0.386219
-0.887666
-0.240641
-0.630352
-0.456542
-0.34987
0.379175
-0.982623
-0.0396658
0.184593
0.344321
0.788463
0.96266
-0.281717
-0.152164
-0.0340599
0.713873
-0.0861424
-0.804162
0.229865
0.903433
-0.203314
0.863819
0.875223
-0.666745
-0.22729
0.487097
0.883963
0.510304
0.930947
-0.194678
0.0585067
-0.379527
-0.120846
-0.4831
-0.559568
-0.255374
0.558289
-0.307777
-0.767672
0.00597606
-0.110212
-0.162028
0.91168
-0.552818
-0.257664
0.334812
0.638513
-0.736428
0.380946
-0.424747
-0.780333
0.162934
0.901959
0.406903
-0.973873
-0.186423
0.433697
0.505252
0.00104122
-0.661906
-0.47104
-0.0367055
0.562871
0.679827
-0.269225
0.67001
0.471129
0.698968
0.820059
-0.339204
-0.404008
0.0254506
0.0349842
0.392599
0.134547
-0.950515
-0.969873
-0.768319
0.599157
0.104417
0.992317
-0.809441
-0.585507
0.0858426
0.765134
0.466317
-0.346429
-0.173854
0.10546
-0.689813
0.105376
0.662765
0.247683
-0.307838
-0.752817
-0.628654
-0.663335
0.195072
-0.772079
0.671231
-0.122592
-0.696768
-0.670665
0.311098
-0.371681
0.408478
-0.115334
-0.196496
0.0791706
-0.322857
0.597811
-0.489837
0.0725783
-0.645848
-0.0339801
0.68435
-0.682222
-0.758517
0.234043
-0.299339
-0.247167
-0.118156
0.491935
0.249225
-0.289726
0.928927
0.613231
0.0581481
0.464898
0.00581496
-0.490036
-0.269189
-0.576033
-0.73656
0.52006
-0.160898
-0.999912
0.434438
0.287634
0.735015
0.893096
-0.485269
0.205972
0.873997
0.912868
0.327424
-0.823226
0.394713
-0.124571
0.336164
-0.0387615
0.0163281
0.997729
-0.401638
0.545387
-0.325055
0.674243
0.782853
0.712551
-0.967927
-0.472561
-0.579464
0.516612
-0.427096
-0.000349307
-0.0780904
0.106228
0.749362
0.670262
0.699984
0.078994
-0.562987
0.020168
-0.390872
0.120135
0.269134
0.487694
0.988505
0.763685
0.969388
0.137434
-0.792141
-0.934562
0.85699
0.623059
-0.282504
0.531076
0.898229
0.0493948
0.501252
-0.27121
0.916755
0.296224
0.713985
0.891969
0.752054
0.618263
0.14415
0.733654
-0.157227
-0.203871
0.594551
-0.550782
-0.59102
0.0472522
0.881877
-0.424704
-0.458435
0.852288
0.84308
0.111636
-0.175371
-0.32415
-0.080729
0.459863
-0.411227
0.53382
0.820325
0.951212
0.251724
-0.543654
-0.104524
0.0196
0.792714
0.0863355
0.0891677
0.436404
-0.474808
-0.665661
0.40052
-0.271333
-0.262818
0.0370681
-0.618779
0.371563
-0.424695
-0.284302
0.714951
0.88855
0.951768
-0.714254
-0.312291
0.321279
-0.534203
-0.422564
-0.746392
0.466352
0.659712
0.426558
-0.0959719
-0.30772
0.556231
0.615146
-0.209358
-0.2987
0.952021
-0.275031
0.669146
0.830216
-0.0499065
0.543472
0.966915
-0.816189
-0.213608
0.153643
0.836854
-0.173636
0.426854
0.143024
0.586991
-0.901786
0.118596
0.489517
0.00307031
0.0797527
0.0475131
-0.865112
0.697548
0.241984
-0.535356
-0.14033
0.749327
0.0906762
-0.681018
0.314673
0.629375
0.916503
-0.97112
-0.940785
0.108107
-0.0564089
-0.663935
-0.146048
0.0559299
-0.0269169
-0.716134
-0.108873
0.861976
0.676503
-0.143788
0.470249
0.625944
0.0114057
0.818172
0.754907
-0.500176
-0.677352
-0.6649
0.600476
-0.735713
0.785264
-0.510948
0.207511
0.214868
-0.293973
-0.839785
0.675314
0.411803
-0.619424
-0.686897
-0.450393
-0.314497
-0.32064
0.431661
-0.244621
-0.0851307
0.106254
0.99381
0.443864
0.764802
-0.99018
-0.0313056
-0.693331
-0.654598
0.462951
0.13092
-0.724181
0.39677
0.473271
0.86246
-0.79788
-0.973073
0.752133
0.0613792
0.47966
0.769736
0.99336
-0.0268058
-0.0641627
-0.88737
-0.988057
0.030326
0.399571
0.674594
0.943056
-0.343629
0.23261
0.449771
0.970967
0.0273913
-0.602762
-0.0477799
0.114512
-0.551189
0.975791
-0.630736
0.428399
0.664615
-0.493232
0.274165
-0.638949
-0.993164
0.624252
-0.28922
-0.900904
0.859803
0.434302
-0.869829
0.415074
-0.116305
0.769677
-0.110334
0.0290143
0.235458
-0.396347
-0.462652
-0.761617
-0.891651
0.942904
-0.0107918
-0.162177
-0.907728
0.89979
0.948519
0.911315
-0.434548
-0.367543
0.911102
0.54045
0.607701
0.451069
0.0862792
0.639989
0.697714
0.661779
0.0104709
-0.725639
0.753746
0.531833
0.643365
-0.366832
-0.535391
-0.78898
-0.652257
0.0410339
-0.576951
-0.241381
-0.936676
-0.733497
-0.990187
-0.859836
-0.449848
-0.456271
-0.0848066
-0.312696
0.451345
-0.708143
-0.230206
-0.0458175
0.613369
-0.585246
0.111807
-0.725512
-0.919356
0.311282
-0.693733
-0.109534
-0.231278
0.02745
-0.567228
-0.580283
0.620709
0.453996
0.939466
-0.45892
-0.464559
-0.0809218
0.167396
0.749977
-0.931245
0.41022
-0.406181
0.332485
0.200441
-0.827053
0.807971
0.204926
0.34003
0.269069
-0.158234
-0.0402466
0.566065
0.892031
-0.815309
-0.340012
-0.389192
-0.140918
0.162107
-0.278774
0.228792
0.552161
0.701959
0.912147
0.983003
0.407203
-0.396565
0.886217
-0.101935
0.398076
-0.799407
0.19698
-0.425428
0.100541
0.701773
-0.665675
-0.300539
-0.0968444
-0.246899
-0.881913
0.389498
0.821003
0.248057
-0.79844
-0.377277
-0.251796
0.0403749
-0.332703
0.752547
-0.401779
0.180553
0.747017
0.744648
-0.570193
0.786628
0.230893
-0.784395
0.971899
-0.95031
-0.0461252
-0.573182
-0.517111
0.270996
-0.64079
-0.195849
0.112671
0.102474
-0.742818
0.31145
-0.250614
0.463874
-0.363369
0.493012
0.490157
-0.441336
-0.105903
-0.71012
0.398135
-0.672392
-0.172057
-0.348144
-0.891965
-0.609858
-0.665824
-0.798345
-0.27286
-0.558388
0.828282
-0.969794
-0.987412
-0.494303
-0.249945
-0.366266
0.904583
0.5493
-0.779627
-0.432734
0.390841
0.877668
-0.444028
-0.335897
0.674285
-0.387919
-0.518205
0.980556
0.254745
-0.658198
0.163312
-0.339404
0.844281
-0.928393
0.716139
0.616648
0.185169
-0.241934
0.722807
0.094198
-0.66027
0.313218
0.855076
-0.294005
-0.828305
-0.262997
0.892054
-0.410631
0.300547
0.962578
0.515407
0.912228
0.880575
-0.554677
-0.431799
-0.0171717
-0.694504
0.769385
-0.863227
-0.434788
-0.492083
-0.315356
-0.677636
0.425918
0.445242
0.27734
-0.616533
-0.475944
-0.129507
0.743198
0.620917
-0.432949
0.256465
-0.776317
-0.991011
0.0283545
0.760495
0.708956
-0.155748
-0.110306
-0.281025
0.612038
-0.663651
-0.114609
-0.298691
-0.0329232
-0.904914
-0.838588
0.0711366
-0.426113
0.986636
0.545007
0.575861
0.634203
-0.436836
0.360929
0.285059
0.816843
0.100231
0.841165
0.244597
0.817319
-0.381302
-0.321128
0.241087
0.208048
-0.869106
0.232381
0.144543
0.938536
-0.506294
0.972714
-0.061612
-0.203819
0.437842
0.421253
0.847096
-0.180854
-0.24848
0.839821
0.206388
0.136849
-0.732486
0.391966
-0.565342
0.16339
0.366189
-0.388632
-0.753063
-0.135196
0.270037
-0.612199
0.708346
-0.301201
-0.0807598
-0.258712
0.312321
-0.418252
0.746573
0.297381
0.00448535
-0.805521
-0.811208
-0.931015
-0.367754
-0.714274
-0.833902
0.527679
0.296043
-0.152989
-0.331827
0.34836
0.619085
0.627231
-0.133539
-0.607967
0.422834
-0.511761
-0.314369
0.862315
0.340583
0.880945
-0.217688
-0.787755
-0.875067
0.938475
-0.858427
-0.0897757
0.731874
0.0639651
0.787298
0.469445
0.112968
-0.0276689
-0.0479643
-0.186278
-0.1692
-0.887353
0.893263
-0.691314
-0.460007
-0.207308
0.366889
0.879198
0.839294
-0.213294
-0.149705
0.746563
0.118872
-0.0139566
0.316581
0.373776
0.959932
0.723196
-0.156589
0.579344
0.319893
-0.270057
0.000319335
-0.445726
0.440189
-0.221576
-0.775359
0.593115
-0.635001
0.722845
-0.684003
0.843856
-0.471116
0.188452
-0.0527018
0.890108
-0.554848
-0.551349
0.681905
-0.727772
-0.438114
-0.772026
0.763019
-0.524802
-0.334406
0.583433
-0.868434
-0.548993
0.641005
-0.794007
0.0997868
-0.55565
-0.247433
-0.718852
-0.0895605
-0.386894
-0.845656
-0.888514
-0.170352
0.588297
0.579261
-0.0955992
-0.353647
-0.260319
0.727175
-0.05331
-0.211525
-0.517601
-0.925553
-0.169671
0.0582064
-0.293927
0.501469
-0.149027
-0.864172
0.651562
-0.862929
0.562077
-0.607077
0.774342
-0.0684784
0.183891
0.522433
-0.514778
0.0903145
-0.166176
-0.188097
-0.0476378
0.699177
-0.759726
0.320448
0.322811
-0.991245
-0.508021
0.0606311
0.304499
0.929404
-0.976788
-0.131609
-0.800929
-0.0726977
0.7819
0.945004
0.582357
-0.748779
-0.929115
0.453425
-0.809374
0.445167
-0.636211
0.617038
-0.131871
0.421754
0.522526
-0.150492
0.00636775
0.622937
-0.370602
0.390582
0.880467
0.923208
-0.230693
-0.430858
-0.223465
-0.498988
-0.71964
-0.363696
0.71237
-0.271951
-0.78765
0.526966
0.795565
-0.358592
0.337191
0.27638
-0.992078
-0.176472
-0.602956
-0.220117
-0.780993
-0.157763
0.973602
-0.63564
0.699006
-0.448453
0.932769
-0.665431
0.587635
0.520401
0.417877
-0.669307
-0.894144
0.951096
-0.0550661
0.153977
-0.773017
0.327618
-0.316288
0.181962
0.435366
-0.597354
-0.0417763
-0.915979
-0.990459
0.593057
0.417815
-0.361431
0.998593
-0.425236
-0.264906
-0.270126
-0.0951027
-0.582867
0.213143
-0.0627674
0.0609535
-0.224694
-0.801017
0.262689
0.236813
0.16098
-0.565676
-0.524978
-0.593105
-0.244387
0.538289
-0.251067
-0.747961
0.469873
-0.230791
0.0840831
0.782156
0.0282468
-0.632814
-0.572252
-0.000192669
-0.95249
-0.209544
-0.544126
0.258918
-0.0307431
-0.906028
-0.432943
-0.537238
-0.706272
-0.76768
0.133876
0.0306727
-0.926788
-0.712725
-0.687844
-0.956286
0.38443
-0.00858783
-0.340295
-0.0736397
-0.633501
0.0797721
0.324534
-0.684353
0.427279
0.964019
-0.949758
0.0768516
-0.00359537
-0.871301
0.425038
0.0360386
0.581785
-0.755462
-0.373516
0.638036
0.369637
0.854319
-0.469364
0.390548
-0.0484483
0.747588
0.667441
-0.442745
0.555419
0.00858308
-0.481333
-0.617761
-0.912729
0.262551
-0.0176996
-0.721261
0.401732
-0.558252
0.114808
0.882191
0.354753
-0.338405
-0.580648
0.571671
-0.966845
-0.732502
0.860321
-0.261156
0.987508
0.632751
-0.669314
0.854736
-0.689652
-0.489495
-0.8689
-0.295654
0.051963
-0.685309
-0.560006
-0.404221
0.232638
-0.58852
0.669225
0.762512
0.331901
0.11268
-0.542155
0.508037
0.998305
-0.687723
0.297451
-0.957586
0.887015
0.867325
0.21946
0.847459
-0.487107
-0.532088
0.362158
0.290564
-0.742655
-0.870013
-0.939356
-0.827257
-0.116129
0.3582
0.211196
0.861905
-0.865842
0.955208
0.87791
0.913219
-0.0844161
-0.658458
-0.409832
0.612715
0.893758
0.499886
0.959297
0.726276
0.518722
-0.414674
-0.981938
-0.506531
0.995416
0.695608
0.0543139
-0.191674
0.836817
-0.971837
0.184266
0.941418
0.023394
0.537799
-0.572861
0.545927
-0.752341
-0.933891
-0.677263
0.537557
-0.629667
-0.719999
-0.142035
0.538416
0.193627
0.729699
0.16932
0.0750163
0.519755
-0.547354
0.494146
-0.485039
-0.158221
0.0980577
0.0729925
-0.535754
-0.0482177
0.809422
0.58082
0.531964
0.0355005
-0.282336
-0.677705
-0.633454
0.0333574
0.0719827
-0.722498
-0.999339
0.167323
-0.271123
-0.565991
-0.836908
0.552106
-0.0959645
0.33033
0.98591
-0.372045
0.851041
0.176228
0.646565
-0.939946
0.0756743
-0.715617
-0.556161
0.885837
0.986857
-0.806139
0.425521
0.120202
-0.15472
0.296732
-0.717359
0.766829
0.593332
-0.6666
0.934092
0.970093
-0.0251475
-0.199496
0.73167
0.880571
-0.0214943
-0.625874
-0.500912
-0.756002
-0.707788
0.740788
0.741322
-0.906146
0.0553427
-0.244986
0.85275
-0.354981
-0.466739
0.247263
0.47448
-0.947797
0.544584
-0.807094
-0.690045
-0.942191
0.794192
0.909439
-0.744386
-0.252551
0.661881
-0.411612
0.573264
0.440042
-0.425952
-0.256079
-0.173335
0.724001
-0.375261
0.464777
-0.249502
-0.418869
-0.377567
-0.857697
-0.931055
-0.931203
0.318692
0.232784
0.791192
0.696082
0.403536
0.356358
-0.248412
-0.963818
-0.103745
-0.012942
-0.111934
0.143674
0.485878
-0.242701
-0.0672565
-0.642958
0.638304
-0.124735
0.212893
0.517694
0.328155
-0.806422
0.81421
-0.858933
-0.720703
-0.975099
-0.617054
0.325176
-0.285716
0.317504
0.624848
0.933745
-0.613896
0.375744
-0.309058
-0.259003
-0.705623
-0.643574
-0.581451
0.849975
-0.56578
-0.42176
0.0493886
-0.400775
-0.183854
0.544165
-0.891703
0.95306
0.327025
0.764208
-0.16869
-0.640082
-0.709781
-0.542401
0.59538
0.300958
-0.5574
-0.00675728
0.0843361
0.830286
-0.872265
-0.207044
0.349746
0.76117
0.851317
-0.806984
0.77764
0.310296
-0.945848
-0.517835
-0.150114
0.487207
0.438406
-0.65965
-0.182388
-0.74641
-0.97814
-0.179291
-0.516564
-0.391712
-0.703228
0.0333109
-0.950486
0.240501
0.201856
-0.261488
0.0129001
0.756939
0.110296
-0.503543
0.1874
-0.957825
-0.793411
-0.280201
0.346471
-0.366502
-0.205843
-0.496577
0.83622
0.796833
0.962202
-0.680465
-0.0109935
-0.364864
-0.085852
0.629143
-0.0295448
-0.731863
-0.530308
-0.910331
0.759855
-0.975529
-0.963205
-0.112819
-0.839505
-0.334681
-0.183518
0.424481
-0.645469
-0.652315
-0.35611
0.936815
0.507894
-0.862423
0.504226
0.598925
0.470405
0.348196
-0.748059
0.830322
-0.495762
0.792205
-0.697622
0.0439035
-0.950987
-0.998932
0.198032
0.566832
-0.0951841
0.347124
-0.812584
0.476616
-0.871989
0.0779737
-0.490646
-0.152463
-0.197061
0.20952
-0.806709
0.31958
0.620408
0.246776
0.885022
0.0403258
-0.331039
0.824328
0.593566
0.706571
0.0276862
0.831731
0.702367
-0.934913
-0.45026
0.751216
-0.0189294
0.937253
0.350356
-0.557295
0.363442
-0.926148
-0.482578
0.819364
0.159668
0.58741
-0.923257
0.116613
0.117054
-0.592745
0.668373
0.201382
-0.722784
-0.755311
0.351991
-0.4554
0.99074
-0.935567
0.359694
0.728823
-0.447936
-0.0430415
0.809276
-0.409191
0.790982
-0.453068
0.44775
-0.697778
0.608418
-0.223389
0.6285
0.820671
-0.139704
0.140664
-0.686772
-0.0401919
-0.132345
0.0464267
0.0581182
0.912313
0.448359
-0.252881
0.366838
-0.828452
0.732032
0.527845
0.0311513
-0.201393
-0.628051
0.615953
-0.859193
-0.857958
-0.357909
0.623862
0.868382
0.611511
0.585452
-0.562732
-0.698114
-0.563101
-0.364493
0.0891977
0.149813
-0.14187
-0.761614
0.313428
-0.227491
0.785055
0.119134
-0.325325
-0.356024
-0.885126
0.76215
0.0301148
-0.337013
-0.732281
-0.314721
0.122211
0.947936
-0.584304
-0.549237
0.916195
-0.496958
-0.0980969
-0.40544
-0.87525
0.099209
0.165461
0.560687
-0.581491
0.314182
0.919669
0.166835
0.542026
-0.192895
0.918639
-0.495916
-0.433181
0.679469
0.690574
-0.712475
-0.54807
-0.352685
0.844335
-0.951896
-0.454505
-0.914171
0.375763
-0.662248
-0.971633
-0.699183
0.589518
-0.0424862
-0.312693
-0.724151
-0.715578
0.0546443
-0.86977
-0.0905214
0.750848
-0.599508
0.828552
0.759342
-0.360411
0.189669
0.135135
0.796936
-0.657568
0.653192
0.800397
-0.835359
-0.0211426
-0.569035
-0.415117
-0.223374
0.386068
-0.0926463
0.0379296
-0.670169
-0.101967
0.177703
-0.119732
0.946215
0.0629372
-0.392343
0.998325
-0.274619
0.963204
-0.0524674
-0.624398
0.677877
0.511922
0.595104
-0.114592
0.820578
0.212197
-0.543412
0.532998
-0.807003
-0.0256264
-0.325103
-0.286564
0.312404
-0.940904
-0.129818
-0.347231
-0.988545
0.418738
0.993498
-0.913112
0.777408
-0.295011
-0.382577
-0.454813
0.62683
-0.0139605
0.0654773
-0.696299
-0.908677
-0.215339
-0.81072
-0.222692
0.334614
-0.829305
0.0645676
0.892048
-0.632315
-0.17714
-0.416895
-0.375964
-0.084902
0.79455
-0.614304
0.277077
0.70546
0.237934
0.0343093
0.777119
-0.38187
0.0869241
0.257117
-0.913319
0.0274272
-0.549815
0.609421
-0.0635846
-0.524029
0.73997
0.0309674
-0.0375332
0.0763443
-0.632726
0.867031
-0.276911
-0.930623
-0.60178
-0.474012
0.603563
-0.895526
0.881923
0.186378
0.646945
0.556494
-0.854158
0.535131
-0.36374
0.159188
-0.966291
-0.795226
0.165796
0.0311168
-0.0458819
0.921848
-0.982104
0.902585
0.496331
0.434071
-0.0475457
0.215489
0.85358
-0.879801
-0.149645
-0.850581
0.147185
-0.34914
0.393355
-0.825869
0.70211
0.135325
-0.0448909
0.688309
0.907065
-0.317965
0.352626
-0.984813
0.567131
-0.635231
-0.492833
-0.320219
-0.42585
-0.210937
-0.579701
-0.702779
0.183468
-0.580519
-0.334774
-0.472238
-0.982102
-0.316311
0.1955
-0.27196
-0.477576
0.22086
-0.77844
0.759795
0.828994
0.247187
-0.0815949
-0.0876475
0.943159
0.528016
0.927405
-0.448851
0.0316689
-0.756323
0.159125
0.245245
-0.378479
-0.506612
-0.58871
-0.211538
-0.951735
0.806513
0.748968
-0.0693475
-0.0575141
0.218856
-0.349939
-0.613395
-0.390127
-0.251348
0.0476449
-0.977908
-0.48596
-0.951801
0.410387
0.220462
-0.042836
0.803988
0.755568
-0.785139
0.494585
-0.766167
-0.0842416
0.0134342
0.729043
-0.989695
-0.858359
-0.0865559
-0.255887
0.327095
0.493522
0.26268
0.492675
0.239766
0.582859
0.952019
0.479952
0.887177
0.910905
-0.166848
-0.256726
-0.0849435
-0.295354
-0.0485954
-0.0718373
0.552057
-0.101783
0.335004
0.800454
0.258519
-0.886458
0.279151
0.210408
-0.32878
0.648374
0.142567
-0.172906
-0.29518
-0.987429
0.510559
0.567858
0.957246
-0.992144
0.830137
0.148676
-0.469332
-0.850056
0.755813
-0.0887618
-0.416285
0.678819
-0.613097
0.877747
0.800964
0.797122
0.0459455
-0.0900465
-0.522512
0.255816
-0.890649
-0.223201
0.78599
-0.321958
0.0180669
0.957156
-0.888068
0.746575
0.767813
0.620573
0.454795
-0.234477
-0.0795121
0.489124
0.6545
0.185894
0.816282
0.208402
0.808453
0.502938
-0.280769
-0.656343
0.483093
0.107583
0.716883
-0.270386
0.54588
-0.79859
-0.52046
0.776676
0.807801
-0.468434
0.273546
0.97047
-0.214387
0.216192
0.688848
-0.866835
-0.604187
-0.982624
0.502043
0.854163
-0.322349
-0.267775
0.141379
-0.275573
0.910615
0.192501
-0.887416
-0.857409
-0.0146267
0.00279892
-0.060962
0.597517
-0.821882
-0.746252
0.723716
0.261919
0.579055
-0.118601
-0.260181
-0.905026
0.682131
0.564263
0.726128
-0.0276331
0.585011
0.555055
0.416799
-0.450769
-0.449656
-0.857478
-0.981088
0.248359
0.497382
-0.800501
-0.335519
0.0869182
0.836981
0.697875
0.664512
0.817675
0.329383
0.139651
0.091102
0.303376
0.316862
0.620065
-0.0899878
-0.429696
-0.426744
0.833053
-0.973052
-0.61742
0.203714
-0.438802
-0.682136
0.570857
0.527187
-0.68986
0.104294
0.480005
0.468667
-0.0541768
-0.00416936
0.704833
0.789915
-0.480896
0.203529
-0.00748037
0.253803
-0.738169
-0.176674
0.993678
-0.812135
-0.726264
0.810275
-0.0854215
-0.117416
0.834582
-0.93616
0.334631
0.328443
-0.772111
0.0604061
0.288056
-0.414956
0.929011
0.957319
0.579754
-0.34654
0.535273
-0.314675
0.229468
0.6394
0.92952
-0.523279
0.0924203
-0.709727
-0.0780856
0.441767
-0.931548
0.454591
0.921634
-0.985873
0.602786
-0.372083
0.582183
-0.614277
-0.372817
-0.407619
-0.44687
-0.170272
-0.659095
-0.785423
-0.931044
-0.302608
0.706255
-0.143854
-0.756024
0.0448688
0.958685
0.919848
0.993373
0.840328
0.876594
0.395195
0.0191874
0.0649103
-0.297592
0.670435
-0.474717
-0.665719
0.0803943
0.546665
0.924171
-0.0888007
-0.496757
0.782002
-0.613034
0.296843
0.448398
-0.629085
0.193507
-0.97164
-0.738566
-0.0254206
-0.32695
-0.20819
0.693591
-0.874842
-0.791457
-0.702504
0.989745
-0.915923
0.141671
-0.974997
0.481615
0.269543
-0.589216
-0.799407
0.548384
-0.714505
-0.483077
0.427571
-0.0121695
0.938183
-0.0862057
-0.562958
-0.420679
-0.421294
-0.189155
0.108517
0.119184
-0.0430557
-0.91991
-0.388504
-0.694528
-0.190977
0.695058
-0.807503
0.191078
-0.377356
0.396167
0.446176
-0.482139
0.46868
-0.197935
-0.571198
-0.781888
-0.523098
0.296355
-0.328491
-0.761127
-0.870834
-0.7785
-0.86157
0.62846
-0.259739
-0.0242781
-0.42547
-0.71834
0.799086
-0.449895
-0.575896
0.84616
-0.947219
0.666918
0.827222
-0.781039
0.646931
-0.040316
-0.6201
-0.235272
-0.525971
-0.904826
0.0542525
-0.135993
0.0816844
0.292395
0.0209428
-0.282661
0.640086
-0.999098
0.573128
-0.640517
-0.572732
0.274292
0.632964
-0.715755
-0.21482
0.543203
0.971218
-0.289508
0.00596263
0.785287
0.194929
0.0307438
-0.951235
-0.991423
0.2365
-0.101337
-0.97355
0.389393
-0.60295
-0.965262
0.403132
-0.520188
-0.362239
0.398668
0.455829
-0.527805
0.70633
0.500352
-0.0226891
-0.511209
-0.491047
0.664028
0.279954
0.214413
-0.241183
0.679953
0.858723
-0.184021
-0.570723
0.432324
-0.254374
0.305397
-0.724887
0.725904
-0.525132
-0.685019
-0.344431
-0.81223
0.0548008
0.454221
0.743287
0.271013
0.0560979
-0.439377
0.191304
-0.267843
-0.750834
-0.0960868
-0.169067
-0.0682853
0.686164
0.69982
0.318379
-0.0176315
0.745113
0.932486
-0.00869152
0.443062
0.305084
0.253603
-0.173133
