-0.340221
0.235341
0.313915
-0.24971
-0.0928255
-0.353768
0.517719
0.42501
-0.0997045
0.0579562
0.763695
0.351746
-0.774104
0.670605
0.0154299
0.754837
0.982052
-0.952468
0.415632
-0.125533
0.0138852
-0.125289
-0.662004
-0.557271
-0.512064
-0.069706
-0.03225
0.810819
0.823576
0.093584
-0.166383
-0.770588
-0.47913
0.313503
-0.541786
-0.277396
-0.679081
0.239938
-0.837852
0.207914
0.480257
0.484064
-0.387226
0.748797
-0.469478
0.368383
0.150962
-0.602144
-0.541958
-0.524632
-0.0972459
-0.303369
-0.975542
0.743545
-0.0471511
-0.442149
0.0930462
-0.893558
0.403543
-0.442479
0.139579
0.893723
-0.603969
0.650524
-0.214606
-0.594889
0.197774
-0.594531
-0.134299
-0.363439
-0.0384933
-0.711085
0.474877
0.220742
0.21656
-0.737293
-0.108107
0.665238
0.817375
-0.862718
0.0854213
